26852 1
9999999 2
40006 3
26268 4
26868 5
40007 6
26266 7
35484 8
26869 9
40008 10
26265 11
26865 12
40009 13
26264 14
4742 15
26866 16
40010 17
26263 18
1280 19
26429 20
26867 21
40011 22
26262 23
12093 24
6393 25
12687 26
10211 27
11014 28
6394 29
21440 30
24242 31
14024 32
926 33
6399 34
35568 35
21439 36
24812 37
37605 38
1865 39
6513 40
1848 41
7510 42
1864 43
7514 44
1863 45
7512 46
22173 47
6502 48
14980 49
24246 50
21435 51
21437 52
21468 53
14073 54
21438 55
24245 56
1954 57
7516 58
0 59
12130 60
7552 61
19339 62
14443 63
21431 64
21465 65
8765 66
8766 67
21432 68
21461 69
21433 70
21464 71
1208 72
7578 73
21430 74
21469 75
3072 76
7585 77
14127 78
14102 79
35542 80
35606 81
37603 82
37604 83
37606 84
20568 85
35544 86
17392 87
37801 88
21427 89
21470 90
37340 91
21608 92
14444 93
36317 94
37607 95
35593 96
39752 97
21428 98
21471 99
3080 100
3081 101
2332 102
2320 103
8777 104
2647 105
7518 106
16156 107
16165 108
854 109
873 110
3020 111
1206 112
35441 113
16160 114
16359 115
851 116
870 117
850 118
869 119
17365 120
17366 121
16159 122
16358 123
840 124
860 125
35461 126
16158 127
16170 128
30783 129
15 130
12035 131
12156 132
34044 133
53 134
12037 135
12157 136
12038 137
12158 138
784 139
2871 140
15180 141
24842 142
782 143
2874 144
15211 145
24838 146
35045 147
35046 148
36674 149
35782 150
783 151
777 152
2693 153
7536 154
7849 155
7850 156
7831 157
7832 158
21441 159
24243 160
37787 161
37638 162
36035 163
3008 164
3010 165
77 166
1866 167
6515 168
837 169
832 170
30408 171
2546 172
7521 173
2419 174
7538 175
35499 176
2661 177
919 178
2839 179
7548 180
40195 181
35600 182
35591 183
35592 184
2814 185
7554 186
1416 187
7576 188
21654 189
21653 190
21652 191
21651 192
21650 193
21649 194
175 195
210 196
21648 197
21429 198
21466 199
36022 200
21450 201
40323 202
21448 203
40325 204
21449 205
40324 206
21447 207
40326 208
21444 209
40328 210
21446 211
40327 212
21443 213
40329 214
19535 215
14706 216
14708 217
38043 218
14716 219
24385 220
40935 221
757 222
7903 223
14406 224
21426 225
25920 226
21425 227
21479 228
37800 229
895 230
7896 231
14022 232
21421 233
12139 234
21646 235
19610 236
14465 237
21423 238
7560 239
21424 240
7533 241
40256 242
40257 243
1417 244
7910 245
21413 246
21478 247
21414 248
6621 249
37613 250
10223 251
10224 252
21416 253
24256 254
21467 255
21417 256
21418 257
21460 258
21419 259
21459 260
21458 261
21420 262
21422 263
24255 264
40253 265
40254 266
21415 267
40772 268
12064 269
7913 270
40255 271
1902 272
7914 273
1914 274
7916 275
21403 276
24810 277
35473 278
14043 279
21404 280
24250 281
21405 282
24248 283
24300 284
24301 285
21406 286
24254 287
21407 288
24252 289
20438 290
21409 291
24253 292
21410 293
21462 294
2812 295
8020 296
1412 297
8040 298
21400 299
21475 300
21401 301
24247 302
21402 303
24251 304
40830 305
40831 306
2927 307
8056 308
21398 309
21472 310
21397 311
21473 312
2938 313
8099 314
18628 315
3070 316
8100 317
3071 318
8101 319
21393 320
21477 321
21394 322
21476 323
21396 324
21474 325
26539 326
26538 327
37709 328
21621 329
24913 330
36741 331
40832 332
35497 333
2624 334
11185 335
11193 336
11194 337
771 338
774 339
768 340
12 341
18617 342
1901 343
7912 344
12090 345
12217 346
40833 347
40834 348
40835 349
34527 350
14720 351
24383 352
14579 353
24381 354
14726 355
24384 356
14728 357
14733 358
19397 359
