26262 375
40011 374
26867 373
26429 372
26263 371
40010 370
26866 369
26264 368
40009 367
26865 366
26265 365
40008 364
26869 363
26266 362
40007 361
26868 360
26268 359
40006 358
26852 357
12217 356
12090 355
18617 354
12 353
768 352
774 351
771 350
7912 349
1901 348
11194 347
11193 346
11185 345
2624 344
35497 343
40832 342
36741 341
37709 340
26538 339
26539 338
24913 337
21621 336
21474 335
21396 334
21476 333
21394 332
21477 331
21393 330
4742 329
8101 328
3071 327
8100 326
3070 325
18628 324
8099 323
2938 322
21473 321
21397 320
21472 319
21398 318
8056 317
2927 316
40831 315
40830 314
24251 313
21402 312
24247 311
21401 310
21475 309
21400 308
8040 307
1412 306
8020 305
2812 304
21462 303
21410 302
24253 301
21409 300
20438 299
24252 298
21407 297
24301 296
24300 295
24254 294
21406 293
24248 292
21405 291
24250 290
21404 289
14043 288
35473 287
24810 286
21403 285
7916 284
1914 283
40255 282
7914 281
1902 280
7913 279
12064 278
40772 277
21415 276
40254 275
40253 274
24255 273
21422 272
21458 271
21420 270
21459 269
21419 268
21460 267
21418 266
21467 265
21417 264
10224 263
10223 262
24256 261
21416 260
37613 259
6621 258
21414 257
21478 256
21413 255
40257 254
40256 253
7910 252
1417 251
7533 250
21424 249
14465 248
19610 247
7560 246
21423 245
21646 244
12139 243
21421 242
14022 241
7896 240
895 239
37800 238
21479 237
21425 236
25920 235
21426 234
14406 233
7903 232
757 231
19397 230
40329 229
21443 228
40327 227
21446 226
40328 225
21444 224
40326 223
21447 222
40324 221
21449 220
40325 219
21448 218
40323 217
21450 216
36022 215
21429 214
21466 213
25343 212
1416 211
7576 210
7575 209
35592 208
35591 207
35600 206
40195 205
2814 204
7554 203
7553 202
2661 201
2839 200
7548 199
919 198
35499 197
2419 196
7538 195
7537 194
30408 193
832 192
837 191
2546 190
7521 189
7520 188
77 187
3010 186
3008 185
1866 184
6515 183
6514 182
36035 181
37638 180
37787 179
24243 178
21441 177
7849 176
7831 175
7832 174
7850 173
777 172
783 171
2693 170
7536 169
7534 168
35046 167
35045 166
36674 165
35782 164
35781 163
2874 162
782 161
15211 160
24838 159
7519 158
2871 157
784 156
15180 155
24842 154
7532 153
12038 152
12158 151
13080 150
53 149
34044 148
12037 147
12157 146
13074 145
15 144
30783 143
12035 142
12156 141
13058 140
35461 139
860 138
840 137
16158 136
16170 135
7561 134
17366 133
17365 132
869 131
850 130
870 129
851 128
16159 127
16358 126
7581 125
35441 124
1206 123
3020 122
873 121
854 120
16160 119
16359 118
7586 117
16156 116
16165 115
7550 114
8777 113
2320 112
2332 111
3081 110
3080 109
2647 108
7518 107
7517 106
14444 105
21608 104
39752 103
35593 102
37607 101
36317 100
21428 99
21471 98
25331 97
37340 96
21427 95
21470 94
25325 93
0 92
37801 91
17392 90
35544 89
20568 88
37606 87
37604 86
37603 85
35606 84
35542 83
14102 82
3072 81
7585 80
7582 79
21430 78
21469 77
25354 76
1208 75
7578 74
7577 73
21433 72
21464 71
25357 70
8766 69
8765 68
21432 67
21461 66
25348 65
14443 64
19339 63
21431 62
21465 61
25321 60
12130 59
7552 58
7551 57
1954 56
7516 55
7404 54
76173 53
21438 52
24245 51
25364 50
14073 49
21437 48
21468 47
25345 46
21435 45
24246 44
25340 43
14980 42
1280 41
22173 40
6502 39
6500 38
35484 37
1863 36
7512 35
7511 34
1864 33
7514 32
7513 31
1848 30
7510 29
7509 28
37605 27
1865 26
6513 25
6512 24
21439 23
24812 22
25332 21
35568 20
926 19
6399 18
6398 17
14024 16
21440 15
24242 14
25311 13
10211 12
12687 11
11014 10
6394 9
6395 8
6393 7
9999999 6
12093 5
6392 4
-1 3
6391 2
7222 1
