14706 359
14708 358
19535 357
14726 356
14720 355
24381 354
14579 353
24383 352
24384 351
24385 350
38043 349
14733 348
14728 347
14727 346
14717 345
14716 344
36430 343
36428 342
26262 341
40011 340
26867 339
26429 338
26263 337
40010 336
26866 335
26264 334
40009 333
26865 332
26265 331
40008 330
26869 329
26266 328
40007 327
26868 326
26268 325
40006 324
26852 323
34527 322
40835 321
40834 320
40833 319
12217 318
12090 317
18617 316
12 315
768 314
774 313
771 312
7912 311
1901 310
11194 309
11193 308
11185 307
2624 306
35497 305
40832 304
36741 303
37709 302
26538 301
26539 300
24913 299
21621 298
21474 297
21396 296
21476 295
21394 294
21477 293
21393 292
4742 291
8101 290
3071 289
8100 288
3070 287
18628 286
8099 285
2938 284
21473 283
21397 282
21472 281
21398 280
8056 279
2927 278
40831 277
40830 276
24251 275
21402 274
24247 273
21401 272
21475 271
21400 270
8040 269
1412 268
8020 267
2812 266
21462 265
21410 264
24253 263
21409 262
20438 261
24252 260
21407 259
24301 258
24300 257
24254 256
21406 255
24248 254
21405 253
24250 252
21404 251
14043 250
35473 249
24810 248
21403 247
7916 246
1914 245
40255 244
7914 243
1902 242
7913 241
12064 240
40772 239
21415 238
40254 237
40253 236
24255 235
21422 234
21458 233
21420 232
21459 231
21419 230
21460 229
21418 228
21467 227
21417 226
10224 225
10223 224
24256 223
21416 222
37613 221
6621 220
21414 219
21478 218
21413 217
40257 216
40256 215
7910 214
1417 213
7533 212
21424 211
14465 210
19610 209
7560 208
21423 207
21646 206
12139 205
21421 204
14022 203
7896 202
895 201
37800 200
21479 199
21425 198
25920 197
21426 196
14406 195
7903 194
757 193
40329 192
21443 191
40327 190
21446 189
40328 188
21444 187
40326 186
21447 185
40324 184
21449 183
40325 182
21448 181
40323 180
21450 179
36022 178
21466 177
21429 176
7576 175
1416 174
35592 173
35591 172
35600 171
40195 170
7554 169
2814 168
919 167
2661 166
7548 165
2839 164
35499 163
7538 162
2419 161
30408 160
832 159
837 158
7521 157
2546 156
77 155
3010 154
3008 153
6515 152
1866 151
36035 150
37638 149
37787 148
24243 147
21441 146
7850 145
7849 144
7832 143
7831 142
777 141
783 140
7536 139
2693 138
35046 137
35045 136
35782 135
36674 134
2874 133
782 132
24838 131
15211 130
2871 129
784 128
24842 127
15180 126
12158 125
12038 124
53 123
34044 122
12157 121
12037 120
15 119
30783 118
12156 117
12035 116
35461 115
860 114
840 113
16170 112
16158 111
17366 110
17365 109
869 108
850 107
870 106
851 105
16358 104
16159 103
35441 102
1206 101
3020 100
873 99
854 98
16359 97
16160 96
16165 95
16156 94
8777 93
2320 92
2332 91
3081 90
3080 89
7518 88
2647 87
14444 86
21608 85
39752 84
35593 83
37607 82
36317 81
21471 80
21428 79
37340 78
21470 77
21427 76
37801 75
17392 74
35544 73
20568 72
37606 71
37604 70
37603 69
35606 68
35542 67
14102 66
7585 65
3072 64
21469 63
21430 62
7578 61
1208 60
21464 59
21433 58
8766 57
8765 56
21461 55
21432 54
14443 53
19339 52
21465 51
21431 50
7552 49
12130 48
7516 47
1954 46
24245 45
21438 44
14073 43
21468 42
21437 41
24246 40
21435 39
14980 38
1280 37
6502 36
22173 35
35484 34
7512 33
1863 32
7514 31
1864 30
7510 29
1848 28
37605 27
6513 26
1865 25
24812 24
21439 23
35568 22
6399 21
926 20
14024 19
24242 18
21440 17
10211 16
12687 15
6394 14
11014 13
0 12
6393 11
9999999 10
12093 9
21654 8
21653 7
21652 6
21651 5
21650 4
21649 3
21648 2
19397 1
